13,29
67,191
67,190
67,189
67,188
67,187
67,186
3,7
3,6
3,2
3,1
3,5
0,322
67,185
67,184
67,183
67,182
67,181
67,180
67,179
67,178
67,177
67,176
67,175
67,174
67,173
67,172
67,171
67,170
13,19
67,169
67,168
67,167
67,166
67,165
67,164
67,163
67,162
67,161
67,160
67,159
67,158
67,157
67,156
67,155
67,154
28,2
10,20
10,14
67,153
67,152
67,151
67,150
67,149
67,148
67,147
67,146
67,145
67,144
67,143
67,142
67,141
67,140
67,139
67,138
10,36
10,18
10,2
19,10
19,9
19,8
19,7
19,6
20,2
20,1
20,5
14,2
21,7
21,6
21,2
21,1
21,5
67,137
67,136
67,135
67,134
13,24
67,133
67,132
13,54
13,35
67,131
13,51
67,130
67,1
13,43
13,2
16,8
8,7
8,6
8,2
8,1
8,5
5,6
5,2
5,1
5,5
6,6
6,2
6,1
6,5
66,20
66,19
2,2
2,1
2,5
66,18
66,17
66,16
66,15
66,14
66,13
66,12
66,1
65,9
65,8
65,1
56,5
56,2
56,1
55,5
55,2
55,1
54,5
54,1
50,5
50,1
36,1
36,5
19,1
19,5
19,2
18,7
18,6
18,5
18,2
18,1
17,8
17,7
17,6
